retau =

  352.0841


rec =

   3.3285e+03


rem =

        5600


umutau =

    7.9526


ucutau =

    9.4536


ucum =

    1.1887


cf =

    0.0316


retau =

  179.2061


rec =

   3.3285e+03


rem =

        5600


umutau =

   15.6245


ucutau =

   18.5733


ucum =

    1.1887


cf =

    0.0082